MEME version 4.4

ALPHABET= ACGT

strands: + -

Background letter frequencies (from file `../../promoter_background/Ath.bg'):
A 0.33230 C 0.16770 G 0.16770 T 0.33230 

MOTIF AT1G71930 MP00017

letter-probability matrix: alength= 4 w= 12 nsites= 20 E= 0
  0.349833	  0.138627	  0.417830	  0.093710	
  0.155334	  0.077556	  0.386078	  0.381032	
  0.562755	  0.070742	  0.219649	  0.146853	
  0.033158	  0.706415	  0.075090	  0.185337	
  0.904254	  0.028032	  0.014145	  0.053568	
  0.033563	  0.902037	  0.049492	  0.014909	
  0.009280	  0.022413	  0.921284	  0.047023	
  0.029972	  0.374100	  0.405023	  0.190906	
  0.717099	  0.232566	  0.012789	  0.037546	
  0.897068	  0.041576	  0.041785	  0.019571	
  0.067712	  0.745324	  0.087577	  0.099387	
  0.023919	  0.339425	  0.051936	  0.584721	

URL http://planttfdb.cbi.pku.edu.cn/tf.php?sp=Ath&did=AT1G71930.1#bind_motif

