MEME version 4.4

ALPHABET= ACGT

strands: + -

Background letter frequencies (from file `../../promoter_background/Ath.bg'):
A 0.33230 C 0.16770 G 0.16770 T 0.33230 

MOTIF AT1G52890 MP00012

letter-probability matrix: alength= 4 w= 12 nsites= 20 E= 0
  0.153973	  0.057131	  0.212026	  0.576870	
  0.728076	  0.033973	  0.140356	  0.097595	
  0.004814	  0.593906	  0.020129	  0.381151	
  0.973715	  0.010862	  0.006321	  0.009102	
  0.010351	  0.976063	  0.009700	  0.003886	
  0.006482	  0.006120	  0.977247	  0.010150	
  0.007873	  0.332139	  0.282430	  0.377559	
  0.777598	  0.196538	  0.003566	  0.022298	
  0.939222	  0.020542	  0.005469	  0.034767	
  0.053010	  0.675942	  0.121889	  0.149159	
  0.093571	  0.407090	  0.061236	  0.438103	
  0.188685	  0.192489	  0.273136	  0.345689	

URL http://planttfdb.cbi.pku.edu.cn/tf.php?sp=Ath&did=AT1G52890.1#bind_motif

