MEME version 4.4

ALPHABET= ACGT

strands: + -

Background letter frequencies (from file `../../promoter_background/Ath.bg'):
A 0.33230 C 0.16770 G 0.16770 T 0.33230 

MOTIF AT2G42400 MP00018

letter-probability matrix: alength= 4 w= 12 nsites= 20 E= 0
  0.283961	  0.161158	  0.248224	  0.306657	
  0.274979	  0.319492	  0.253712	  0.151817	
  0.059475	  0.026977	  0.844656	  0.068892	
  0.053742	  0.021869	  0.863831	  0.060558	
  0.014154	  0.029687	  0.007953	  0.948206	
  0.563178	  0.026679	  0.050594	  0.359549	
  0.005612	  0.009189	  0.980059	  0.005140	
  0.002799	  0.975029	  0.017499	  0.004674	
  0.007202	  0.006901	  0.980768	  0.005128	
  0.006501	  0.005037	  0.011561	  0.976901	
  0.773780	  0.065168	  0.141813	  0.019239	
  0.465764	  0.229021	  0.069310	  0.235905	

URL http://planttfdb.cbi.pku.edu.cn/tf.php?sp=Ath&did=AT2G42400.1#bind_motif

