MEME version 4.4

ALPHABET= ACGT

strands: + -

Background letter frequencies (from file `../../promoter_background/Ath.bg'):
A 0.33230 C 0.16770 G 0.16770 T 0.33230 

MOTIF AT3G46090 MP00041

letter-probability matrix: alength= 4 w= 13 nsites= 20 E= 0
  0.295854	  0.316781	  0.193683	  0.193683	
  0.289886	  0.268960	  0.166789	  0.274365	
  0.274365	  0.289886	  0.166789	  0.268960	
  0.166789	  0.274365	  0.268960	  0.289886	
  0.928505	  0.023832	  0.023832	  0.023832	
  0.000122	  0.196656	  0.803101	  0.000122	
  0.196656	  0.000122	  0.000122	  0.803101	
  0.000122	  0.000122	  0.999635	  0.000122	
  0.056439	  0.150005	  0.144790	  0.648766	
  0.479715	  0.171684	  0.265267	  0.083333	
  0.259292	  0.479715	  0.083333	  0.177659	
  0.083333	  0.171684	  0.170941	  0.574042	
  0.226290	  0.226290	  0.321130	  0.226290	

URL http://planttfdb.cbi.pku.edu.cn/tf.php?sp=Ath&did=AT3G46090.1#bind_motif

