MEME version 4.4

ALPHABET= ACGT

strands: + -

Background letter frequencies (from file `../../promoter_background/Ath.bg'):
A 0.33230 C 0.16770 G 0.16770 T 0.33230 

MOTIF AT3G61910 MP00015

letter-probability matrix: alength= 4 w= 13 nsites= 20 E= 0
  0.197435	  0.333714	  0.294460	  0.174391	
  0.262823	  0.120785	  0.083612	  0.532780	
  0.669648	  0.086613	  0.130843	  0.112895	
  0.026346	  0.629316	  0.053789	  0.290549	
  0.868165	  0.038938	  0.073310	  0.019588	
  0.120297	  0.821557	  0.032012	  0.026134	
  0.034021	  0.040068	  0.884735	  0.041176	
  0.031094	  0.784528	  0.024653	  0.159726	
  0.765821	  0.116084	  0.030515	  0.087580	
  0.849168	  0.022811	  0.013638	  0.114384	
  0.154200	  0.275089	  0.074030	  0.496681	
  0.127339	  0.516835	  0.247569	  0.108258	
  0.358775	  0.133016	  0.207602	  0.300607	

URL http://planttfdb.cbi.pku.edu.cn/tf.php?sp=Ath&did=AT3G61910.1#bind_motif

