MEME version 4.4

ALPHABET= ACGT

strands: + -

Background letter frequencies (from file `../../promoter_background/Ath.bg'):
A 0.33230 C 0.16770 G 0.16770 T 0.33230 

MOTIF AT5G28770 MP00040

letter-probability matrix: alength= 4 w= 12 nsites= 20 E= 0
  0.229166	  0.229166	  0.229166	  0.312503	
  0.203331	  0.203331	  0.390006	  0.203331	
  0.187672	  0.436984	  0.187672	  0.187672	
  0.166258	  0.148140	  0.020941	  0.664661	
  0.000044	  0.356147	  0.643764	  0.000044	
  0.999867	  0.000044	  0.000044	  0.000044	
  0.000044	  0.999867	  0.000044	  0.000044	
  0.000044	  0.000044	  0.999867	  0.000044	
  0.020879	  0.020879	  0.020879	  0.937363	
  0.046713	  0.123190	  0.783383	  0.046713	
  0.138849	  0.062373	  0.597600	  0.201178	
  0.229103	  0.312691	  0.229103	  0.229103	

URL http://planttfdb.cbi.pku.edu.cn/tf.php?sp=Ath&did=AT5G28770.2#bind_motif

