#INCLUSive Background Model v1.0
#
#The results in this file are NOT complete as long as there is no END-sign at the bottom of this file!
#Order = 3
#Organism = brapa2.5
#Sequences = /home/morgan/R/brassica_rna/data/Brapa2.5/all_genes_promoters_1k.fasta
#

#snf
0.32981	0.173755	0.165326	0.331109	

#oligo frequency
0.0538313
0.0198151
0.0200176
0.0332268
0.0189173
0.010121
0.00692181
0.0150296
0.0215087
0.00905942
0.00887509
0.0147687
0.030509
0.0176739
0.0162402
0.0331569
0.0218285
0.0105164
0.00894644
0.0173369
0.0118604
0.006269
0.00517922
0.00970287
0.00795981
0.00388914
0.00491104
0.00715907
0.013295
0.0148057
0.00901856
0.0209067
0.0206717
0.0084363
0.012485
0.0166237
0.00830013
0.00514728
0.00372995
0.0091208
0.0103566
0.00503937
0.00562837
0.00963854
0.0120801
0.00875448
0.00981097
0.0194584
0.0305989
0.0122326
0.0128403
0.0303335
0.0196154
0.0115211
0.00812852
0.0241556
0.0183817
0.00830069
0.0112433
0.0185067
0.0300849
0.0221922
0.0213408
0.0519849

#transition matrix
0.435832	0.160062	0.143706	0.260399	
0.370316	0.216133	0.119354	0.294197	
0.403121	0.172938	0.161601	0.262339	
0.329539	0.184041	0.158016	0.328404	
0.386113	0.182021	0.138698	0.293169	
0.387906	0.192707	0.163522	0.255865	
0.341275	0.158936	0.187699	0.312091	
0.275528	0.211828	0.159122	0.353522	
0.368444	0.135749	0.235559	0.260248	
0.319213	0.190895	0.119332	0.37056	
0.369968	0.163974	0.188904	0.277154	
0.258628	0.167207	0.184016	0.390149	
0.352817	0.128615	0.126273	0.392295	
0.352277	0.17407	0.125296	0.348357	
0.333154	0.14711	0.191071	0.328665	
0.277037	0.154013	0.151771	0.417179	
0.430195	0.170044	0.166192	0.233569	
0.374188	0.204865	0.14214	0.278807	
0.384657	0.195275	0.147199	0.272869	
0.27306	0.216465	0.184437	0.326038	
0.38238	0.202084	0.135742	0.279794	
0.356142	0.200831	0.138932	0.304095	
0.32913	0.183363	0.216896	0.270612	
0.232818	0.277764	0.132487	0.356931	
0.33818	0.184337	0.202357	0.275127	
0.290468	0.249469	0.172355	0.287708	
0.322583	0.1907	0.164357	0.322359	
0.220954	0.231385	0.208413	0.339248	
0.367109	0.166751	0.1645	0.30164	
0.249475	0.203791	0.116609	0.430124	
0.339124	0.182361	0.178033	0.300481	
0.20356	0.248411	0.173572	0.374457	
0.398684	0.148386	0.222346	0.230584	
0.346717	0.191947	0.178986	0.28235	
0.437714	0.146872	0.180368	0.235046	
0.250052	0.202134	0.195702	0.352111	
0.362485	0.148215	0.195757	0.293544	
0.335726	0.191432	0.185947	0.286895	
0.31778	0.157111	0.234315	0.290793	
0.223905	0.20971	0.190953	0.375433	
0.341896	0.137932	0.247198	0.272973	
0.266994	0.219376	0.178727	0.334902	
0.316031	0.168861	0.189787	0.325321	
0.209254	0.168228	0.203169	0.419349	
0.35968	0.142826	0.175879	0.321614	
0.313744	0.169559	0.164387	0.35231	
0.318484	0.124834	0.225473	0.33121	
0.225382	0.164361	0.183098	0.427159	
0.416813	0.144689	0.132873	0.305625	
0.386091	0.168985	0.127062	0.317862	
0.35565	0.15803	0.16231	0.32401	
0.351057	0.146291	0.149282	0.35337	
0.357105	0.176314	0.157935	0.308646	
0.346324	0.180797	0.14791	0.324969	
0.334802	0.154964	0.199573	0.31066	
0.200708	0.290256	0.148885	0.360151	
0.354202	0.142481	0.176607	0.326709	
0.352937	0.161496	0.129756	0.355811	
0.329864	0.150875	0.184615	0.334646	
0.251445	0.162265	0.196518	0.389771	
0.352267	0.144973	0.155263	0.347497	
0.313173	0.177689	0.123866	0.385271	
0.317736	0.142386	0.20234	0.337538	
0.235339	0.16694	0.175055	0.422666	

#END - BackgroundModel ends.
