MEME version 4.4

ALPHABET= ACGT

strands: + -

Background letter frequencies (from uniform background):
A 0.25000 C 0.25000 G 0.25000 T 0.25000 

MOTIF MP00002 475045

letter-probability matrix: alength= 4 w= 22 nsites= 20 E= 0
  0.237598	  0.195851	  0.295814	  0.270738	
  0.201094	  0.178693	  0.363045	  0.257169	
  0.203631	  0.208294	  0.282640	  0.305435	
  0.280214	  0.216920	  0.316775	  0.186090	
  0.258293	  0.268117	  0.326800	  0.146790	
  0.186613	  0.231250	  0.200508	  0.381629	
  0.188758	  0.275238	  0.373236	  0.162767	
  0.954678	  0.009496	  0.030102	  0.005723	
  0.005034	  0.012437	  0.004337	  0.978192	
  0.010294	  0.000932	  0.987498	  0.001276	
  0.000959	  0.048005	  0.000690	  0.950345	
  0.002528	  0.992983	  0.001991	  0.002498	
  0.004078	  0.002419	  0.991995	  0.001507	
  0.330595	  0.000669	  0.667147	  0.001589	
  0.000500	  0.903367	  0.001376	  0.094756	
  0.273281	  0.210891	  0.355165	  0.160664	
  0.383258	  0.242186	  0.233146	  0.141410	
  0.210137	  0.221875	  0.343748	  0.224240	
  0.196080	  0.194690	  0.412521	  0.196709	
  0.288311	  0.221681	  0.269054	  0.220955	
  0.242185	  0.239494	  0.188986	  0.329335	
  0.276507	  0.258784	  0.213845	  0.250864	

URL http://planttfdb.cbi.pku.edu.cn/tf.php?sp=Aly&did=475045#bind_motif

