MEME version 4.4

ALPHABET= ACGT

strands: + -

Background letter frequencies (from uniform background):
A 0.25000 C 0.25000 G 0.25000 T 0.25000 

MOTIF MP00001 471409

letter-probability matrix: alength= 4 w= 22 nsites= 20 E= 0
  0.173421	  0.207627	  0.245155	  0.373798	
  0.149190	  0.278277	  0.360675	  0.211857	
  0.186188	  0.116493	  0.363776	  0.333544	
  0.292184	  0.179198	  0.376981	  0.151638	
  0.217959	  0.248287	  0.409316	  0.124438	
  0.103483	  0.330495	  0.211138	  0.354884	
  0.118025	  0.377289	  0.337874	  0.166812	
  0.967622	  0.007453	  0.018485	  0.006439	
  0.008616	  0.018845	  0.010395	  0.962144	
  0.003195	  0.001183	  0.992402	  0.003221	
  0.002419	  0.002826	  0.001525	  0.993229	
  0.001784	  0.992906	  0.004155	  0.001155	
  0.001482	  0.001799	  0.993309	  0.003410	
  0.223686	  0.000686	  0.774281	  0.001348	
  0.000999	  0.866383	  0.004136	  0.128482	
  0.329616	  0.140944	  0.354262	  0.175178	
  0.390270	  0.217137	  0.248020	  0.144573	
  0.203999	  0.307356	  0.287537	  0.201109	
  0.187800	  0.207603	  0.384902	  0.219695	
  0.218538	  0.160266	  0.347331	  0.273866	
  0.297724	  0.234200	  0.177799	  0.290277	
  0.214459	  0.222042	  0.340782	  0.222717	

URL http://planttfdb.cbi.pku.edu.cn/tf.php?sp=Aly&did=471409#bind_motif

