MEME version 4.4

ALPHABET= ACGT

strands: + -

Background letter frequencies (from uniform background):
A 0.25000 C 0.25000 G 0.25000 T 0.25000 

MOTIF MP00014 AT3G46640

letter-probability matrix: alength= 4 w= 14 nsites= 20 E= 0
  0.132360	  0.219468	  0.363649	  0.284522	
  0.253912	  0.276516	  0.123650	  0.345921	
  0.526722	  0.161047	  0.125099	  0.187132	
  0.762703	  0.030055	  0.038713	  0.168529	
  0.014065	  0.008549	  0.912059	  0.065327	
  0.963956	  0.023861	  0.003764	  0.008420	
  0.074699	  0.003835	  0.006316	  0.915150	
  0.386195	  0.142361	  0.007795	  0.463649	
  0.011116	  0.709341	  0.008221	  0.271322	
  0.083439	  0.061475	  0.625212	  0.229874	
  0.141470	  0.438656	  0.343832	  0.076042	
  0.165066	  0.223246	  0.075256	  0.536433	
  0.193332	  0.224232	  0.303470	  0.278965	
  0.439965	  0.157223	  0.221174	  0.181638	

URL http://planttfdb.cbi.pku.edu.cn/tf.php?sp=Ath&did=AT3G46640.3#bind_motif

